
67
1 0 0 0.456
0 1 0 0.725
0 0 1 -0.15
1 0 0 0.456
0 1 0 0.72576
0 0 1 -0.14924
1 0 0 0.456
0 1 0 0.72803
0 0 1 -0.14697
1 0 0 0.456
0 1 0 0.73182
0 0 1 -0.14318
1 0 0 0.456
0 1 0 0.73712
0 0 1 -0.13788
1 0 0 0.456
0 1 0 0.74393
0 0 1 -0.13107
1 0 0 0.456
0 1 0 0.75227
0 0 1 -0.12273
1 0 0 0.456
0 1 0 0.76211
0 0 1 -0.11289
1 0 0 0.456
0 1 0 0.77347
0 0 1 -0.10153
1 0 0 0.456
0 1 0 0.78635
0 0 1 -0.088651
1 0 0 0.456
0 1 0 0.80074
0 0 1 -0.07426
1 0 0 0.456
0 1 0 0.81664
0 0 1 -0.058355
1 0 0 0.456
0 1 0 0.83407
0 0 1 -0.040935
1 0 0 0.456
0 1 0 0.853
0 0 1 -0.022
1 0 0 0.456
0 1 0 0.87345
0 0 1 -0.0015503
1 0 0 0.456
0 1 0 0.89541
0 0 1 0.020414
1 0 0 0.456
0 1 0 0.91889
0 0 1 0.043893
1 0 0 0.456
0 1 0 0.925
0 0 1 0.05
1 0 0 0.456
0 0.99996 -0.0084634 0.94886
0 0.0084634 0.99996 0.072343
1 0 0 0.456
0 0.99948 -0.032074 0.9712
0 0.032074 0.99948 0.090142
1 0 0 0.456
0 0.99769 -0.067779 0.99203
0 0.067779 0.99769 0.1034
1 0 0 0.456
0 0.99361 -0.11198 1.0113
0 0.11198 0.99361 0.11211
1 0 0 0.456
0 0.9866 -0.16058 1.0291
0 0.16058 0.9866 0.11627
1 0 0 0.456
0 0.97656 -0.20922 1.0454
0 0.20922 0.97656 0.11589
1 0 0 0.456
0 0.96417 -0.2538 1.0602
0 0.2538 0.96417 0.11097
1 0 0 0.456
0 0.95084 -0.29099 1.0734
0 0.29099 0.95084 0.1015
1 0 0 0.456
0 0.93859 -0.31864 1.0852
0 0.31864 0.93859 0.087491
1 0 0 0.456
0 0.92968 -0.33572 1.0954
0 0.33572 0.92968 0.068935
1 0 0 0.456
0 0.92633 -0.34157 1.1041
0 0.34157 0.92633 0.045834
1 0 0 0.456
0 0.93022 -0.33469 1.1113
0 0.33469 0.93022 0.018189
1 0 0 0.456
0 0.94203 -0.31132 1.117
0 0.31132 0.94203 -0.014
1 0 0 0.456
0 0.9606 -0.26461 1.1212
0 0.26461 0.9606 -0.050734
1 0 0 0.456
0 0.98177 -0.18594 1.1238
0 0.18594 0.98177 -0.092012
1 0 0 0.456
0 0.99752 -0.070148 1.125
0 0.070148 0.99752 -0.13783
1 0 0 0.456
0 1 0 1.125
0 0 1 -0.15
0.99991 0.0002489 -0.013256 0.456
0.0002489 0.9993 0.037536 1.1246
0.013256 -0.037536 0.99921 -0.19696
0.99875 0.0014362 -0.050007 0.456
0.0014362 0.99835 0.057311 1.1235
0.050007 -0.057311 0.9971 -0.23937
0.99441 0.0033446 -0.10531 0.456
0.0033446 0.998 0.063051 1.1216
0.10531 -0.063051 0.99241 -0.27724
0.98466 0.0051904 -0.17355 0.456
0.0051904 0.99824 0.058716 1.1189
0.17355 -0.058716 0.9829 -0.31057
0.96796 0.0062614 -0.24841 0.456
0.0062614 0.99878 0.048538 1.1155
0.24841 -0.048538 0.96673 -0.33935
0.94416 0.0063825 -0.32331 0.456
0.0063825 0.99927 0.036955 1.1114
0.32331 -0.036955 0.94343 -0.36359
0.91486 0.0061645 -0.39207 0.456
0.0061645 0.99955 0.028386 1.1064
0.39207 -0.028386 0.91441 -0.38328
0.8833 0.0069971 -0.44977 0.456
0.0069971 0.99958 0.026967 1.1008
0.44977 -0.026967 0.88288 -0.39843
0.85402 0.010777 -0.49319 0.456
0.010777 0.9992 0.036408 1.0943
0.49319 -0.036408 0.85322 -0.40903
0.8322 0.019386 -0.52054 0.456
0.019386 0.99776 0.060137 1.0871
0.52054 -0.060137 0.82996 -0.41509
0.82296 0.033939 -0.53041 0.456
0.033939 0.99349 0.10168 1.0792
0.53041 -0.10168 0.81645 -0.4166
0.83058 0.053762 -0.51994 0.456
0.053762 0.98294 0.16499 1.0705
0.51994 -0.16499 0.81352 -0.41357
0.85732 0.075056 -0.48288 0.456
0.075056 0.96052 0.25401 1.061
0.48288 -0.25401 0.81784 -0.406
0.90133 0.089421 -0.40876 0.456
0.089421 0.91897 0.37042 1.0508
0.40876 -0.37042 0.82029 -0.39388
0.95337 0.083134 -0.28527 0.456
0.083134 0.85179 0.50858 1.0398
0.28527 -0.50858 0.80516 -0.37722
0.99349 0.039603 -0.10655 0.456
0.039603 0.75908 0.64821 1.0281
0.10655 -0.64821 0.75257 -0.35601
1 -0 0 0.456
0 0.70718 0.707 1.025
-0 -0.707 0.70718 -0.35
0.99586 -0.036443 0.083275 0.456
-0.036443 0.67923 0.73299 1.0131
-0.083275 -0.73299 0.67509 -0.32766
0.98096 -0.079443 0.17724 0.456
-0.079443 0.66861 0.73934 1.0019
-0.17724 -0.73934 0.64956 -0.30986
0.95214 -0.12475 0.27902 0.456
-0.12475 0.67477 0.72739 0.99149
-0.27902 -0.72739 0.62692 -0.2966
0.90737 -0.16785 0.38535 0.456
-0.16785 0.69584 0.6983 0.98183
-0.38535 -0.6983 0.60321 -0.28789
0.84599 -0.20437 0.49247 0.456
-0.20437 0.7288 0.65351 0.97293
-0.49247 -0.65351 0.5748 -0.28373
0.76896 -0.23056 0.59627 0.456
-0.23056 0.76991 0.59504 0.96479
-0.59627 -0.59504 0.53887 -0.28411
0.67882 -0.24377 0.69266 0.456
-0.24377 0.81499 0.52571 0.9574
-0.69266 -0.52571 0.49381 -0.28903
0.57951 -0.2427 0.77798 0.456
-0.2427 0.85991 0.44904 0.95078
-0.77798 -0.44904 0.43943 -0.2985
0.47589 -0.22768 0.84952 0.456
-0.22768 0.90109 0.36905 0.94491
-0.84952 -0.36905 0.37699 -0.31251
0.37322 -0.20056 0.9058 0.456
-0.20056 0.93582 0.28984 0.93979
-0.9058 -0.28984 0.30905 -0.33107
0.27655 -0.1645 0.94681 0.456
-0.1645 0.96259 0.2153 0.93544
-0.94681 -0.2153 0.23915 -0.35417
0.19025 -0.12361 0.97392 0.456
-0.12361 0.98113 0.14867 0.93184
-0.97392 -0.14867 0.17138 -0.38181
0.11771 -0.082458 0.98962 0.456
-0.082458 0.99229 0.092488 0.929
-0.98962 -0.092488 0.11 -0.414
0.061279 -0.045677 0.99707 0.456
-0.045677 0.99778 0.048516 0.92692
-0.99707 -0.048516 0.059056 -0.45073
0.02252 -0.01761 0.99959 0.456
-0.01761 0.99968 0.018008 0.92559
-0.99959 -0.018008 0.022203 -0.49201
0 0 0 0.456
0 0 0 0.92502
0 0 0 -0.53783
67
1 0 0 0.456
0 1 0 0.725
0 0 1 -0.15
1 0 0 0.456
0 1 0 0.72576
0 0 1 -0.14924
1 0 0 0.456
0 1 0 0.72803
0 0 1 -0.14697
1 0 0 0.456
0 1 0 0.73182
0 0 1 -0.14318
1 0 0 0.456
0 1 0 0.73712
0 0 1 -0.13788
1 0 0 0.456
0 1 0 0.74393
0 0 1 -0.13107
1 0 0 0.456
0 1 0 0.75227
0 0 1 -0.12273
1 0 0 0.456
0 1 0 0.76211
0 0 1 -0.11289
1 0 0 0.456
0 1 0 0.77347
0 0 1 -0.10153
1 0 0 0.456
0 1 0 0.78635
0 0 1 -0.088651
1 0 0 0.456
0 1 0 0.80074
0 0 1 -0.07426
1 0 0 0.456
0 1 0 0.81664
0 0 1 -0.058355
1 0 0 0.456
0 1 0 0.83407
0 0 1 -0.040935
1 0 0 0.456
0 1 0 0.853
0 0 1 -0.022
1 0 0 0.456
0 1 0 0.87345
0 0 1 -0.0015503
1 0 0 0.456
0 1 0 0.89541
0 0 1 0.020414
1 0 0 0.456
0 1 0 0.91889
0 0 1 0.043893
1 0 0 0.456
0 1 0 0.925
0 0 1 0.05
1 0 0 0.456
0 0.99996 -0.0084634 0.94886
0 0.0084634 0.99996 0.072343
1 0 0 0.456
0 0.99948 -0.032074 0.9712
0 0.032074 0.99948 0.090142
1 0 0 0.456
0 0.99769 -0.067779 0.99203
0 0.067779 0.99769 0.1034
1 0 0 0.456
0 0.99361 -0.11198 1.0113
0 0.11198 0.99361 0.11211
1 0 0 0.456
0 0.9866 -0.16058 1.0291
0 0.16058 0.9866 0.11627
1 0 0 0.456
0 0.97656 -0.20922 1.0454
0 0.20922 0.97656 0.11589
1 0 0 0.456
0 0.96417 -0.2538 1.0602
0 0.2538 0.96417 0.11097
1 0 0 0.456
0 0.95084 -0.29099 1.0734
0 0.29099 0.95084 0.1015
1 0 0 0.456
0 0.93859 -0.31864 1.0852
0 0.31864 0.93859 0.087491
1 0 0 0.456
0 0.92968 -0.33572 1.0954
0 0.33572 0.92968 0.068935
1 0 0 0.456
0 0.92633 -0.34157 1.1041
0 0.34157 0.92633 0.045834
1 0 0 0.456
0 0.93022 -0.33469 1.1113
0 0.33469 0.93022 0.018189
1 0 0 0.456
0 0.94203 -0.31132 1.117
0 0.31132 0.94203 -0.014
1 0 0 0.456
0 0.9606 -0.26461 1.1212
0 0.26461 0.9606 -0.050734
1 0 0 0.456
0 0.98177 -0.18594 1.1238
0 0.18594 0.98177 -0.092012
1 0 0 0.456
0 0.99752 -0.070148 1.125
0 0.070148 0.99752 -0.13783
1 0 0 0.456
0 1 0 1.125
0 0 1 -0.15
0.99991 0.0002489 -0.013256 0.456
0.0002489 0.9993 0.037536 1.1246
0.013256 -0.037536 0.99921 -0.19696
0.99875 0.0014362 -0.050007 0.456
0.0014362 0.99835 0.057311 1.1235
0.050007 -0.057311 0.9971 -0.23937
0.99441 0.0033446 -0.10531 0.456
0.0033446 0.998 0.063051 1.1216
0.10531 -0.063051 0.99241 -0.27724
0.98466 0.0051904 -0.17355 0.456
0.0051904 0.99824 0.058716 1.1189
0.17355 -0.058716 0.9829 -0.31057
0.96796 0.0062614 -0.24841 0.456
0.0062614 0.99878 0.048538 1.1155
0.24841 -0.048538 0.96673 -0.33935
0.94416 0.0063825 -0.32331 0.456
0.0063825 0.99927 0.036955 1.1114
0.32331 -0.036955 0.94343 -0.36359
0.91486 0.0061645 -0.39207 0.456
0.0061645 0.99955 0.028386 1.1064
0.39207 -0.028386 0.91441 -0.38328
0.8833 0.0069971 -0.44977 0.456
0.0069971 0.99958 0.026967 1.1008
0.44977 -0.026967 0.88288 -0.39843
0.85402 0.010777 -0.49319 0.456
0.010777 0.9992 0.036408 1.0943
0.49319 -0.036408 0.85322 -0.40903
0.8322 0.019386 -0.52054 0.456
0.019386 0.99776 0.060137 1.0871
0.52054 -0.060137 0.82996 -0.41509
0.82296 0.033939 -0.53041 0.456
0.033939 0.99349 0.10168 1.0792
0.53041 -0.10168 0.81645 -0.4166
0.83058 0.053762 -0.51994 0.456
0.053762 0.98294 0.16499 1.0705
0.51994 -0.16499 0.81352 -0.41357
0.85732 0.075056 -0.48288 0.456
0.075056 0.96052 0.25401 1.061
0.48288 -0.25401 0.81784 -0.406
0.90133 0.089421 -0.40876 0.456
0.089421 0.91897 0.37042 1.0508
0.40876 -0.37042 0.82029 -0.39388
0.95337 0.083134 -0.28527 0.456
0.083134 0.85179 0.50858 1.0398
0.28527 -0.50858 0.80516 -0.37722
0.99349 0.039603 -0.10655 0.456
0.039603 0.75908 0.64821 1.0281
0.10655 -0.64821 0.75257 -0.35601
1 -0 0 0.456
0 0.70718 0.707 1.025
-0 -0.707 0.70718 -0.35
0.99586 -0.036443 0.083275 0.456
-0.036443 0.67923 0.73299 1.0131
-0.083275 -0.73299 0.67509 -0.32766
0.98096 -0.079443 0.17724 0.456
-0.079443 0.66861 0.73934 1.0019
-0.17724 -0.73934 0.64956 -0.30986
0.95214 -0.12475 0.27902 0.456
-0.12475 0.67477 0.72739 0.99149
-0.27902 -0.72739 0.62692 -0.2966
0.90737 -0.16785 0.38535 0.456
-0.16785 0.69584 0.6983 0.98183
-0.38535 -0.6983 0.60321 -0.28789
0.84599 -0.20437 0.49247 0.456
-0.20437 0.7288 0.65351 0.97293
-0.49247 -0.65351 0.5748 -0.28373
0.76896 -0.23056 0.59627 0.456
-0.23056 0.76991 0.59504 0.96479
-0.59627 -0.59504 0.53887 -0.28411
0.67882 -0.24377 0.69266 0.456
-0.24377 0.81499 0.52571 0.9574
-0.69266 -0.52571 0.49381 -0.28903
0.57951 -0.2427 0.77798 0.456
-0.2427 0.85991 0.44904 0.95078
-0.77798 -0.44904 0.43943 -0.2985
0.47589 -0.22768 0.84952 0.456
-0.22768 0.90109 0.36905 0.94491
-0.84952 -0.36905 0.37699 -0.31251
0.37322 -0.20056 0.9058 0.456
-0.20056 0.93582 0.28984 0.93979
-0.9058 -0.28984 0.30905 -0.33107
0.27655 -0.1645 0.94681 0.456
-0.1645 0.96259 0.2153 0.93544
-0.94681 -0.2153 0.23915 -0.35417
0.19025 -0.12361 0.97392 0.456
-0.12361 0.98113 0.14867 0.93184
-0.97392 -0.14867 0.17138 -0.38181
0.11771 -0.082458 0.98962 0.456
-0.082458 0.99229 0.092488 0.929
-0.98962 -0.092488 0.11 -0.414
0.061279 -0.045677 0.99707 0.456
-0.045677 0.99778 0.048516 0.92692
-0.99707 -0.048516 0.059056 -0.45073
0.02252 -0.01761 0.99959 0.456
-0.01761 0.99968 0.018008 0.92559
-0.99959 -0.018008 0.022203 -0.49201
0 0 0 0.456
0 0 0 0.92502
0 0 0 -0.53783

